.939411163330078125
.829029083251953125
.7316131591796875
.6456451416015625
.569782257080078125
.50283050537109375
.443744659423828125
.391605377197265625
.34558868408203125
.304981231689453125
.269145965576171875
.237518310546875
.2096099853515625
.184978485107421875
.163242340087890625
.144062042236328125
.127132415771484375
.112194061279296875
.099010467529296875
.087375640869140625
.07711029052734375
.068050384521484375
.06005096435546875
.052997589111328125
.0467681884765625
.041271209716796875
.0364227294921875
.03214263916015625
.0283660888671875
.02503204345703125
.022090911865234375
.01949310302734375
.01720428466796875
.0151824951171875
.013397216796875
.011821746826171875
.010433197021484375
.00920867919921875
.00812530517578125
.007171630859375
